000004
000007
000029
000032
000034
000038
000099
000100
000153
000301
000404
000503
000506
000511
000526
000557
000571
000610
000611
000613
000656
000673
000682
000693
000716
000755
000821
000838
000862
000885
000887
000889
000916
000935
000953
000979
000981
000982
002006
002012
002013
002025
002049
002070
002072
002075
002076
002082
002098
002113
002115
002122
002128
002129
002134
002141
002143
002162
002168
002175
002231
002252
002255
002260
002263
002264
002280
002290
002312
002331
002339
002348
002358
002379
002399
002400
002409
002417
002418
002426
002427
002442
002447
002464
002473
002486
002499
002502
002504
002505
002513
002547
002569
002571
002576
002586
002596
002600
002606
002610
002621
002622
002625
002638
002642
002650
002654
002664
002669
002675
002684
002766
002787
002812
002816
002877
300022
300025
300030
300050
300051
300057
300063
300065
300087
300088
300089
300092
300100
300104
300108
300109
300134
300148
300149
300151
300152
300163
300168
300192
300198
300201
300209
300235
300252
300265
300267
300268
300278
300291
300298
300301
300302
300309
300313
300315
300320
300322
300345
300348
300364
300367
300409
300413
300414
300423
300440
300461
300462
300466
300467
300469
300472
300478
300486
300490
300500
300510
300518
300526
300543
300612
000033
000155
000629
000950
002875
002876
002878
002879
002880
300372
300658
300659
300660
300661
300662
300663
600050
600093
600100
600136
600145
600146
600152
600158
600165
600173
600243
600250
600277
600289
600318
600337
600375
600387
600406
600432
600460
600462
600468
600485
600490
600551
600556
600559
600568
600590
600609
600634
600636
600643
600653
600654
600655
600657
600666
600671
600673
600725
600733
600734
600767
600807
600834
600888
600890
601005
601069
601608
601717
601872
601919
603010
603016
603108
603238
603268
603398
603559
603598
603601
603608
603909
600710
600732
601878
603042
603196
603200
603286
603316
603326
603496
603536
603580
603767
603855